Day  Population  Infected_p  Recovered_p  Infected_s  Recovered_s  Infected_p_only  Infected_s_only coinfected_s_p reinfected_s_p coinfected_p_s reinfected_p_s
 coinfected sim1 117590 1 0 0 0 1 0 0 0 0 0 0 
2 117590 16 0 13 0 16 13 0 0 0 0 0 
3 117590 31 0 23 0 31 23 0 0 0 0 0 
4 117590 41 0 29 0 41 29 0 0 0 0 0 
5 117590 57 0 37 0 57 37 0 0 0 0 0 
6 117590 72 0 53 0 72 53 0 0 0 0 0 
7 117590 86 0 62 0 86 62 0 0 0 0 0 
8 117590 110 0 75 0 110 75 0 0 0 0 0 
9 117590 127 0 87 0 127 87 0 0 0 0 0 
10 117590 154 0 95 0 154 95 0 0 0 0 0 
11 117590 179 30 105 30 179 105 0 0 0 0 0 
12 117590 213 31 117 30 213 117 0 0 0 0 0 
13 117590 253 46 127 43 253 127 0 0 0 0 0 
14 117590 300 61 135 53 300 135 0 0 0 0 0 
15 117590 356 71 144 59 356 144 0 0 0 0 0 
16 117590 422 87 153 67 422 152 0 0 1 0 0 
17 117590 475 102 159 83 475 158 0 0 1 0 0 
18 117590 551 116 167 92 551 165 0 0 2 0 0 
19 117590 637 140 173 105 637 171 0 0 2 0 0 
20 117590 705 157 183 117 705 181 0 0 2 0 0 
21 117590 804 184 195 125 804 193 0 0 2 0 0 
22 117590 913 209 204 135 912 200 1 0 4 0 0 
23 117590 1012 243 217 147 1011 213 1 0 4 0 0 
24 117590 1124 283 231 157 1123 227 1 0 4 0 0 
25 117590 1265 330 252 165 1264 248 1 0 4 0 0 
26 117590 1417 386 263 174 1416 259 1 0 4 0 0 
27 117590 1590 452 285 183 1589 281 1 0 4 0 0 
28 117590 1765 505 297 189 1764 293 1 0 4 0 0 
29 117590 1988 581 313 197 1986 309 1 1 4 0 0 
30 117590 2214 667 327 203 2212 322 1 1 5 0 0 
31 117590 2461 735 338 213 2458 333 1 2 5 0 0 
32 117590 2721 834 356 225 2715 351 2 4 5 0 0 
33 117590 3040 943 374 234 3033 369 2 5 5 0 0 
34 117590 3359 1042 392 247 3352 386 2 5 5 1 0 
35 117590 3744 1154 408 261 3737 402 2 5 5 1 0 
36 117590 4154 1295 420 282 4146 413 2 6 6 1 0 
37 117590 4597 1447 437 293 4587 429 3 7 7 1 0 
38 117590 5076 1620 451 315 5064 443 3 9 7 1 0 
39 117590 5647 1795 471 327 5633 462 4 10 8 1 0 
40 117590 6270 2018 497 343 6254 488 4 12 8 1 0 
41 117590 6913 2244 515 357 6891 506 6 16 8 1 0 
42 117590 7628 2491 526 368 7602 516 7 19 8 2 0 
43 117590 8432 2751 544 386 8402 533 8 22 8 3 0 
44 117590 9265 3070 564 404 9231 553 9 25 8 3 0 
45 117590 10160 3389 584 422 10120 572 13 27 9 3 0 
46 117590 11092 3774 599 438 11048 586 14 30 9 4 0 
47 117590 12116 4184 623 450 12062 605 14 40 13 5 0 
48 117590 13222 4627 650 467 13160 629 15 47 15 6 0 
49 117590 14424 5106 675 481 14356 650 16 52 18 7 0 
50 117590 15651 5677 695 501 15580 665 16 55 20 10 0 
51 117590 17014 6300 716 527 16932 682 18 64 23 11 0 
52 117590 18417 6942 745 545 18328 705 21 68 27 13 0 
53 117590 19902 7657 774 556 19799 727 28 75 30 17 0 
54 117590 21485 8461 798 574 21370 748 33 82 32 18 0 
55 117590 23130 9294 818 594 22997 759 41 91 35 23 1 
56 117590 24760 10189 854 614 24611 788 48 100 37 28 1 
57 117590 26453 11121 872 629 26292 799 51 109 40 32 1 
58 117590 28139 12145 895 653 27972 819 52 114 41 34 1 
59 117590 29835 13251 933 680 29655 847 56 123 48 37 1 
60 117590 31558 14453 962 705 31358 869 62 137 54 38 1 
61 117590 33278 15680 993 725 33059 894 68 150 58 40 1 
62 117590 34968 17043 1048 746 34727 931 73 163 61 51 5 
63 117590 36673 18446 1084 775 36417 952 78 173 74 53 5 
64 117590 38322 19931 1132 804 38045 981 88 183 81 64 6 
65 117590 39866 21514 1179 828 39568 1005 96 196 86 82 6 
66 117590 41372 23159 1223 848 41052 1033 106 208 94 90 6 
67 117590 42814 24789 1280 884 42474 1069 113 218 98 104 9 
68 117590 44239 26482 1345 902 43882 1105 116 231 110 120 10 
69 117590 45580 28168 1400 925 45206 1132 121 242 120 137 11 
70 117590 46837 29864 1480 963 46449 1181 127 249 131 156 12 
71 117590 48036 31587 1556 992 47637 1225 130 257 147 172 12 
72 117590 49141 33307 1632 1023 48731 1271 134 264 154 195 12 
73 117590 50246 34997 1729 1078 49824 1327 139 271 167 223 12 
74 117590 51193 36702 1820 1113 50754 1380 143 281 183 242 15 
75 117590 52083 38351 1909 1161 51633 1428 147 288 193 273 15 
76 117590 52943 39895 2001 1208 52482 1486 150 295 200 299 16 
77 117590 53695 41401 2066 1252 53223 1522 153 303 211 317 16 
78 117590 54392 42843 2153 1309 53912 1567 156 308 223 347 16 
79 117590 55015 44268 2222 1374 54525 1605 160 314 232 369 16 
80 117590 55585 45609 2295 1429 55084 1634 165 320 243 402 16 
81 117590 56105 46866 2379 1509 55593 1669 167 329 249 445 16 
82 117590 56590 48065 2460 1585 56064 1708 173 337 256 480 16 
83 117590 57016 49170 2543 1661 56484 1754 176 339 260 512 17 
84 117590 57403 50275 2632 1758 56861 1794 180 344 264 556 18 
85 117590 57732 51222 2719 1849 57181 1833 184 349 271 597 18 
86 117590 58045 52112 2818 1938 57486 1884 186 355 274 642 18 
87 117590 58309 52972 2907 2030 57738 1922 189 364 278 689 18 
88 117590 58574 53724 3013 2095 57994 1971 190 372 280 744 18 
89 117590 58799 54421 3097 2182 58210 2007 193 377 282 789 19 
90 117590 59004 55044 3181 2251 58407 2046 195 383 283 833 19 
91 117590 59171 55614 3261 2324 58564 2086 199 389 286 870 19 
92 117590 59322 56134 3349 2408 58711 2126 200 392 287 917 19 
93 117590 59465 56619 3433 2489 58849 2169 203 394 289 956 19 
94 117590 59589 57045 3513 2572 58971 2206 203 396 289 999 19 
95 117590 59691 57432 3585 2661 59070 2236 204 398 290 1040 19 
96 117590 59792 57761 3653 2748 59170 2265 204 399 291 1078 19 
97 117590 59884 58074 3730 2847 59258 2301 205 402 292 1118 19 
98 117590 59962 58338 3802 2936 59334 2336 205 404 295 1152 19 
99 117590 60021 58603 3879 3042 59391 2378 206 405 297 1185 19 
100 117590 60090 58828 3960 3126 59456 2419 206 409 297 1225 19 
