Day  Population  Infected_p  Recovered_p  Infected_s  Recovered_s  Infected_p_only  Infected_s_only coinfected_s_p reinfected_s_p coinfected_p_s reinfected_p_s
 coinfected sim1 116228 2 0 1 0 2 1 0 0 0 0 0 
2 116228 17 0 13 0 17 13 0 0 0 0 0 
3 116228 38 0 29 0 38 29 0 0 0 0 0 
4 116228 52 0 37 0 52 37 0 0 0 0 0 
5 116228 73 0 51 0 73 51 0 0 0 0 0 
6 116228 99 0 67 0 99 67 0 0 0 0 0 
7 116228 125 0 75 0 125 75 0 0 0 0 0 
8 116228 146 0 85 0 146 85 0 0 0 0 0 
9 116228 181 0 94 0 181 94 0 0 0 0 0 
10 116228 211 0 102 0 211 102 0 0 0 0 0 
11 116228 252 30 107 30 252 107 0 0 0 0 0 
12 116228 293 32 118 31 293 118 0 0 0 0 0 
13 116228 327 47 128 43 327 128 0 0 0 0 0 
14 116228 383 68 135 59 383 135 0 0 0 0 0 
15 116228 437 82 146 67 437 146 0 0 0 0 0 
16 116228 497 103 153 81 497 153 0 0 0 0 0 
17 116228 557 129 159 97 557 159 0 0 0 0 0 
18 116228 648 155 168 105 646 168 1 1 0 0 0 
19 116228 731 176 174 115 729 174 1 1 0 0 0 
20 116228 819 211 181 124 816 181 1 2 0 0 0 
21 116228 916 241 190 132 913 190 1 2 0 0 0 
22 116228 1025 282 196 137 1022 196 1 2 0 0 0 
23 116228 1134 323 202 148 1130 202 1 3 0 0 0 
24 116228 1261 357 209 158 1257 209 1 3 0 0 0 
25 116228 1406 413 219 165 1400 219 1 5 0 0 0 
26 116228 1538 467 223 176 1530 223 1 7 0 0 0 
27 116228 1688 527 229 183 1680 229 1 7 0 0 0 
28 116228 1858 587 235 189 1849 235 1 8 0 0 0 
29 116228 2033 678 242 198 2024 241 1 8 1 0 0 
30 116228 2223 761 249 204 2213 248 1 9 1 0 0 
31 116228 2412 849 257 211 2402 256 1 9 1 0 0 
32 116228 2618 946 264 220 2607 263 1 10 1 0 0 
33 116228 2833 1055 277 226 2822 276 1 10 1 0 0 
34 116228 3101 1164 287 232 3089 286 1 11 1 0 0 
35 116228 3385 1291 297 239 3373 296 1 11 1 0 0 
36 116228 3664 1436 305 249 3649 304 2 13 1 0 0 
37 116228 3996 1568 316 253 3979 314 3 14 2 0 0 
38 116228 4333 1718 330 259 4315 327 3 15 3 0 0 
39 116228 4701 1888 346 265 4682 342 3 16 3 1 0 
40 116228 5082 2063 359 272 5062 354 4 16 4 1 0 
41 116228 5464 2253 374 279 5443 368 4 17 5 1 0 
42 116228 5951 2442 382 287 5930 375 4 17 6 1 0 
43 116228 6415 2648 397 294 6393 390 4 18 6 1 0 
44 116228 6947 2863 409 307 6925 402 4 18 6 1 0 
45 116228 7512 3131 424 317 7487 417 5 20 6 1 0 
46 116228 8119 3415 433 327 8094 425 5 20 6 2 0 
47 116228 8754 3694 448 335 8726 439 5 23 7 2 0 
48 116228 9483 4026 464 346 9451 454 6 26 8 2 0 
49 116228 10220 4363 478 360 10187 467 6 27 8 3 0 
50 116228 11011 4731 490 376 10973 479 7 31 8 3 0 
51 116228 11814 5112 511 389 11774 498 7 33 8 5 0 
52 116228 12683 5494 524 404 12639 509 7 37 10 5 0 
53 116228 13611 5981 534 412 13563 518 7 41 11 5 0 
54 116228 14567 6445 546 427 14514 530 9 44 11 5 0 
55 116228 15587 6977 556 439 15532 538 10 45 11 7 0 
56 116228 16630 7542 567 454 16566 547 10 54 11 9 0 
57 116228 17696 8149 583 463 17628 560 13 55 13 10 0 
58 116228 18790 8784 597 478 18713 572 17 60 13 12 0 
59 116228 19859 9513 616 494 19773 584 19 67 15 17 0 
60 116228 20983 10250 639 508 20889 602 21 73 18 19 0 
61 116228 22197 11041 668 520 22092 626 25 79 18 23 1 
62 116228 23393 11844 709 541 23283 655 27 82 22 31 1 
63 116228 24593 12713 769 554 24473 696 30 88 33 38 2 
64 116228 25762 13641 833 564 25631 740 34 95 42 49 2 
65 116228 26983 14597 891 576 26842 784 40 99 48 57 2 
66 116228 28107 15617 962 586 27956 835 42 106 54 70 3 
67 116228 29227 16660 1049 597 29067 888 43 112 66 90 5 
68 116228 30369 17726 1108 613 30198 928 48 117 74 100 6 
69 116228 31465 18820 1195 627 31283 993 54 122 81 115 6 
70 116228 32531 19889 1299 646 32333 1060 62 129 96 136 7 
71 116228 33543 21013 1362 669 33334 1103 68 133 103 148 8 
72 116228 34539 22227 1480 698 34319 1189 72 140 120 163 8 
73 116228 35469 23423 1592 739 35235 1255 78 147 135 193 9 
74 116228 36359 24623 1710 799 36109 1330 85 156 149 222 9 
75 116228 37216 25792 1828 863 36944 1392 95 166 161 264 11 
76 116228 38077 27013 1978 921 37785 1485 103 175 176 303 14 
77 116228 38861 28137 2110 992 38554 1575 113 180 184 337 14 
78 116228 39648 29257 2244 1079 39325 1657 119 189 194 378 15 
79 116228 40371 30399 2385 1138 40031 1733 127 196 208 427 17 
80 116228 41084 31495 2522 1225 40726 1818 136 205 220 467 17 
81 116228 41784 32561 2663 1329 41401 1903 146 218 231 510 19 
82 116228 42399 33573 2804 1392 41998 1982 153 226 241 559 22 
83 116228 43038 34569 2962 1510 42622 2083 160 234 252 605 22 
84 116228 43610 35499 3117 1622 43170 2186 169 247 260 647 24 
85 116228 44154 36389 3246 1740 43696 2257 176 256 270 693 26 
86 116228 44672 37246 3415 1858 44200 2365 183 263 280 744 26 
87 116228 45151 38107 3569 2008 44653 2457 189 283 290 796 26 
88 116228 45617 38891 3750 2140 45104 2564 196 290 305 854 27 
89 116228 46061 39678 3922 2274 45528 2659 203 300 320 913 30 
90 116228 46488 40401 4093 2415 45939 2755 210 307 325 981 32 
91 116228 46894 41114 4314 2552 46324 2871 216 320 341 1068 34 
92 116228 47232 41814 4528 2693 46643 2979 225 329 348 1166 35 
93 116228 47567 42429 4728 2834 46961 3076 233 337 358 1258 36 
94 116228 47898 43068 4943 2992 47283 3186 237 342 365 1356 36 
95 116228 48204 43640 5161 3147 47574 3306 243 351 375 1444 36 
96 116228 48485 44184 5360 3276 47838 3414 249 362 377 1533 36 
97 116228 48776 44702 5574 3445 48120 3540 251 369 388 1610 36 
98 116228 49029 45181 5769 3599 48365 3647 252 376 394 1692 36 
99 116228 49255 45647 5970 3780 48585 3752 254 379 405 1776 37 
100 116228 49481 46091 6189 3952 48802 3865 255 385 410 1875 39 
